SJ1 = 1.80008    
SJc = -4.30179